X                      Y                      U                     U*                 U* - U
0                      0   2.72727272727273e-50                      0   2.72727272727273e-50
2                      0                     16                     16                      0
4                      0                    256                    256                      0
6                      0                   1296                   1296                      0
0                      1                      1                      1                      0
2                      1       11.5454545454546                     17       5.45454545454545
4                      1       251.545454545455                    257       5.45454545454538
6                      1                   1297                   1297                      0
0                      2                     16                     16                      0
2                      2                     32                     32                      0
4                      2                    272                    272                      0
6                      2                   1312                   1312                      0

 ||U-U*|| / ||U*|| = 3.353687381792379e-03
